1024 1 1.46177e-09
1024 2 1.45999e-09
1024 4 1.45882e-09
1024 8 1.4608e-09
1024 16 1.46113e-09
1024 32 1.46005e-09
1024 64 1.46001e-09
1024 128 1.46014e-09
1024 256 1.4615e-09
1024 512 1.45968e-09


2048 1 1.46063e-09
2048 2 1.45987e-09
2048 4 1.46051e-09
2048 8 1.46171e-09
2048 16 1.46002e-09
2048 32 1.4603e-09
2048 64 1.4605e-09
2048 128 1.46176e-09
2048 256 1.46042e-09
2048 512 1.45923e-09
2048 1024 1.45978e-09


4096 1 1.46057e-09
4096 2 1.46173e-09
4096 4 1.45897e-09
4096 8 1.46014e-09
4096 16 1.46028e-09
4096 32 1.46167e-09
4096 64 1.4612e-09
4096 128 1.46069e-09
4096 256 1.46086e-09
4096 512 1.46049e-09
4096 1024 1.46095e-09
4096 2048 1.45973e-09


8192 1 1.4665e-09
8192 2 1.47144e-09
8192 4 1.4782e-09
8192 8 1.4597e-09
8192 16 1.46052e-09
8192 32 1.46043e-09
8192 64 1.46358e-09
8192 128 1.46288e-09
8192 256 1.46015e-09
8192 512 1.45989e-09
8192 1024 1.46074e-09
8192 2048 1.46078e-09
8192 4096 1.45995e-09


16384 1 1.46633e-09
16384 2 1.47327e-09
16384 4 1.71691e-09
16384 8 1.95742e-09
16384 16 2.48832e-09
16384 32 2.7604e-09
16384 64 3.6532e-09
16384 128 5.51175e-09
16384 256 5.49564e-09
16384 512 5.50282e-09
16384 1024 5.51862e-09
16384 2048 1.46023e-09
16384 4096 1.46e-09
16384 8192 1.46009e-09


32768 1 1.46568e-09
32768 2 1.47435e-09
32768 4 1.70995e-09
32768 8 1.96046e-09
32768 16 2.48275e-09
32768 32 2.76984e-09
32768 64 3.64237e-09
32768 128 5.51236e-09
32768 256 5.5057e-09
32768 512 5.49918e-09
32768 1024 5.50689e-09
32768 2048 5.50181e-09
32768 4096 1.46005e-09
32768 8192 1.45937e-09
32768 16384 1.45964e-09


65536 1 1.46271e-09
65536 2 1.47265e-09
65536 4 1.71304e-09
65536 8 1.95728e-09
65536 16 2.48396e-09
65536 32 2.76999e-09
65536 64 3.65174e-09
65536 128 5.50596e-09
65536 256 5.50906e-09
65536 512 5.50099e-09
65536 1024 5.51982e-09
65536 2048 5.49117e-09
65536 4096 5.50301e-09
65536 8192 1.45996e-09
65536 16384 1.46099e-09
65536 32768 1.46072e-09


131072 1 1.46402e-09
131072 2 1.4721e-09
131072 4 1.70951e-09
131072 8 1.95567e-09
131072 16 2.48434e-09
131072 32 2.77067e-09
131072 64 3.65002e-09
131072 128 5.51909e-09
131072 256 5.51485e-09
131072 512 5.51489e-09
131072 1024 5.51587e-09
131072 2048 5.51911e-09
131072 4096 5.50941e-09
131072 8192 5.51483e-09
131072 16384 1.45977e-09
131072 32768 1.46078e-09
131072 65536 1.45969e-09


262144 1 1.46382e-09
262144 2 1.47257e-09
262144 4 1.71341e-09
262144 8 1.95602e-09
262144 16 2.48462e-09
262144 32 2.76622e-09
262144 64 3.62413e-09
262144 128 5.48987e-09
262144 256 5.48917e-09
262144 512 5.51537e-09
262144 1024 5.51377e-09
262144 2048 5.51173e-09
262144 4096 5.49152e-09
262144 8192 5.51502e-09
262144 16384 5.49959e-09
262144 32768 1.4609e-09
262144 65536 1.45983e-09
262144 131072 1.45976e-09


524288 1 1.46334e-09
524288 2 1.47272e-09
524288 4 1.71711e-09
524288 8 1.96147e-09
524288 16 2.48579e-09
524288 32 2.77054e-09
524288 64 3.60294e-09
524288 128 5.51496e-09
524288 256 5.51528e-09
524288 512 5.51499e-09
524288 1024 5.51517e-09
524288 2048 5.51459e-09
524288 4096 5.50285e-09
524288 8192 5.51128e-09
524288 16384 5.50899e-09
524288 32768 5.49942e-09
524288 65536 1.46122e-09
524288 131072 1.46081e-09
524288 262144 1.45996e-09


1048576 1 1.46389e-09
1048576 2 1.47257e-09
1048576 4 1.71354e-09
1048576 8 1.95937e-09
1048576 16 2.48388e-09
1048576 32 2.77034e-09
1048576 64 3.64414e-09
1048576 128 5.51088e-09
1048576 256 5.50449e-09
1048576 512 5.50152e-09
1048576 1024 5.5142e-09
1048576 2048 5.51558e-09
1048576 4096 5.49623e-09
1048576 8192 5.50319e-09
1048576 16384 5.50289e-09
1048576 32768 5.49987e-09
1048576 65536 5.51023e-09
1048576 131072 1.45973e-09
1048576 262144 1.46084e-09
1048576 524288 1.45996e-09


2097152 1 1.6974e-09
2097152 2 2.55806e-09
2097152 4 4.98821e-09
2097152 8 9.57429e-09
2097152 16 1.92947e-08
2097152 32 4.34296e-08
2097152 64 6.0138e-08
2097152 128 9.73368e-08
2097152 256 9.74135e-08
2097152 512 9.74336e-08
2097152 1024 9.74474e-08
2097152 2048 9.63674e-08
2097152 4096 9.64546e-08
2097152 8192 9.7167e-08
2097152 16384 9.59373e-08
2097152 32768 9.44235e-08
2097152 65536 7.6381e-08
2097152 131072 5.51538e-09
2097152 262144 1.45972e-09
2097152 524288 1.46091e-09
2097152 1048576 1.45978e-09


4194304 1 1.73486e-09
4194304 2 2.67988e-09
4194304 4 5.1519e-09
4194304 8 9.99287e-09
4194304 16 2.06024e-08
4194304 32 4.75986e-08
4194304 64 6.70624e-08
4194304 128 1.07688e-07
4194304 256 1.07773e-07
4194304 512 1.07783e-07
4194304 1024 1.07716e-07
4194304 2048 1.06842e-07
4194304 4096 1.07447e-07
4194304 8192 1.07435e-07
4194304 16384 1.07131e-07
4194304 32768 1.06768e-07
4194304 65536 1.05952e-07
4194304 131072 7.65407e-08
4194304 262144 5.52005e-09
4194304 524288 1.46089e-09
4194304 1048576 1.45984e-09
4194304 2097152 1.45841e-09


8388608 1 1.73785e-09
8388608 2 2.67835e-09
8388608 4 5.15646e-09
8388608 8 9.99883e-09
8388608 16 2.06149e-08
8388608 32 4.7555e-08
8388608 64 6.71034e-08
8388608 128 1.07696e-07
8388608 256 1.07629e-07
8388608 512 1.07894e-07
8388608 1024 1.07744e-07
8388608 2048 1.0758e-07
8388608 4096 1.07511e-07
8388608 8192 1.07486e-07
8388608 16384 1.07217e-07
8388608 32768 1.07191e-07
8388608 65536 1.06762e-07
8388608 131072 1.05797e-07
8388608 262144 7.63612e-08
8388608 524288 5.48962e-09
8388608 1048576 1.45993e-09
8388608 2097152 1.4598e-09
8388608 4194304 1.45968e-09


16777216 1 1.73263e-09
16777216 2 2.67898e-09
16777216 4 5.16982e-09
16777216 8 1.0019e-08
16777216 16 2.05866e-08
16777216 32 4.77436e-08
16777216 64 6.73144e-08
16777216 128 1.07854e-07
16777216 256 1.07843e-07
16777216 512 1.07677e-07
16777216 1024 1.07879e-07
16777216 2048 1.04999e-07
16777216 4096 1.04811e-07
16777216 8192 1.04571e-07
16777216 16384 1.04825e-07
16777216 32768 1.04636e-07
16777216 65536 1.04821e-07
16777216 131072 1.04767e-07
16777216 262144 1.05788e-07
16777216 524288 7.79266e-08
16777216 1048576 5.50807e-09
16777216 2097152 1.46096e-09
16777216 4194304 1.45976e-09
16777216 8388608 1.45995e-09


